%!PS-Adobe-3.0 EPSF-3.0
%%Creator: cairo 1.16.0 (https://cairographics.org)
%%CreationDate: Sun Jun 19 20:55:57 2022
%%Pages: 1
%%DocumentData: Clean7Bit
%%LanguageLevel: 2
%%BoundingBox: 0 0 384 319
%%EndComments
%%BeginProlog
50 dict begin
/q { gsave } bind def
/Q { grestore } bind def
/cm { 6 array astore concat } bind def
/w { setlinewidth } bind def
/J { setlinecap } bind def
/j { setlinejoin } bind def
/M { setmiterlimit } bind def
/d { setdash } bind def
/m { moveto } bind def
/l { lineto } bind def
/c { curveto } bind def
/h { closepath } bind def
/re { exch dup neg 3 1 roll 5 3 roll moveto 0 rlineto
      0 exch rlineto 0 rlineto closepath } bind def
/S { stroke } bind def
/f { fill } bind def
/f* { eofill } bind def
/n { newpath } bind def
/W { clip } bind def
/W* { eoclip } bind def
/BT { } bind def
/ET { } bind def
/BDC { mark 3 1 roll /BDC pdfmark } bind def
/EMC { mark /EMC pdfmark } bind def
/cairo_store_point { /cairo_point_y exch def /cairo_point_x exch def } def
/Tj { show currentpoint cairo_store_point } bind def
/TJ {
  {
    dup
    type /stringtype eq
    { show } { -0.001 mul 0 cairo_font_matrix dtransform rmoveto } ifelse
  } forall
  currentpoint cairo_store_point
} bind def
/cairo_selectfont { cairo_font_matrix aload pop pop pop 0 0 6 array astore
    cairo_font exch selectfont cairo_point_x cairo_point_y moveto } bind def
/Tf { pop /cairo_font exch def /cairo_font_matrix where
      { pop cairo_selectfont } if } bind def
/Td { matrix translate cairo_font_matrix matrix concatmatrix dup
      /cairo_font_matrix exch def dup 4 get exch 5 get cairo_store_point
      /cairo_font where { pop cairo_selectfont } if } bind def
/Tm { 2 copy 8 2 roll 6 array astore /cairo_font_matrix exch def
      cairo_store_point /cairo_font where { pop cairo_selectfont } if } bind def
/g { setgray } bind def
/rg { setrgbcolor } bind def
/d1 { setcachedevice } bind def
/cairo_data_source {
  CairoDataIndex CairoData length lt
    { CairoData CairoDataIndex get /CairoDataIndex CairoDataIndex 1 add def }
    { () } ifelse
} def
/cairo_flush_ascii85_file { cairo_ascii85_file status { cairo_ascii85_file flushfile } if } def
/cairo_image { image cairo_flush_ascii85_file } def
/cairo_imagemask { imagemask cairo_flush_ascii85_file } def
%%EndProlog
%%BeginSetup
%%EndSetup
%%Page: 1 1
%%BeginPageSetup
%%PageBoundingBox: 0 0 384 319
%%EndPageSetup
q 0 0 384 319 rectclip
1 0 0 -1 0 319 cm q
q
0 0 384 319 re W n
  q
0 g
0.75 w
1 J
0 j
[] 0.0 d
4 M q 1 0 0 1 0 0 cm
126.375 70.875 m 124.875 70.875 l 124.875 69.375 l 126.375 69.375 l 126.375
 67.875 l 127.875 67.875 l 127.875 69.375 l 126.375 69.375 l 126.375 70.875
 l 127.875 70.875 l 127.875 72.375 l 129.375 72.375 l 129.375 70.875 l 130.875
 70.875 l 130.875 72.375 l 129.375 72.375 l 129.375 73.875 l 130.875 73.875
 l 130.875 75.375 l 129.375 75.375 l 129.375 76.875 l 127.875 76.875 l 127.875
 75.375 l 126.375 75.375 l 126.375 76.875 l 127.875 76.875 l 127.875 78.375
 l 129.375 78.375 l 129.375 76.875 l 130.875 76.875 l 130.875 78.375 l 132.375
 78.375 l 132.375 76.875 l 130.875 76.875 l 130.875 75.375 l 132.375 75.375
 l 132.375 73.875 l 133.875 73.875 l 133.875 75.375 l 135.375 75.375 l 135.375
 73.875 l 133.875 73.875 l 133.875 72.375 l S Q
  Q
Q
q
0 0 384 319 re W n
  q
0 g
0.75 w
1 J
0 j
[] 0.0 d
4 M q 1 0 0 1 0 0 cm
133.875 72.375 m 132.375 72.375 l 132.375 73.875 l 130.875 73.875 l 130.875
 72.375 l 132.375 72.375 l 132.375 70.875 l 130.875 70.875 l 130.875 69.375
 l 132.375 69.375 l 132.375 67.875 l 133.875 67.875 l 133.875 69.375 l 132.375
 69.375 l 132.375 70.875 l 133.875 70.875 l 133.875 72.375 l 135.375 72.375
 l 135.375 70.875 l 136.875 70.875 l 136.875 72.375 l 138.375 72.375 l 138.375
 70.875 l 136.875 70.875 l 136.875 69.375 l 138.375 69.375 l 138.375 67.875
 l 139.875 67.875 l 139.875 69.375 l 138.375 69.375 l 138.375 70.875 l 139.875
 70.875 l 139.875 72.375 l 141.375 72.375 l 141.375 70.875 l 142.875 70.875
 l 142.875 72.375 l 141.375 72.375 l 141.375 73.875 l 142.875 73.875 l 142.875
 75.375 l 141.375 75.375 l 141.375 76.875 l S Q
  Q
Q
q
0 0 384 319 re W n
  q
0 g
0.75 w
1 J
0 j
[] 0.0 d
4 M q 1 0 0 1 0 0 cm
141.375 76.875 m 139.875 76.875 l 139.875 75.375 l 138.375 75.375 l 138.375
 76.875 l 139.875 76.875 l 139.875 78.375 l 141.375 78.375 l 141.375 76.875
 l 142.875 76.875 l 142.875 78.375 l 144.375 78.375 l 144.375 76.875 l 142.875
 76.875 l 142.875 75.375 l 144.375 75.375 l 144.375 73.875 l 145.875 73.875
 l 145.875 75.375 l 147.375 75.375 l 147.375 73.875 l 145.875 73.875 l 145.875
 72.375 l 144.375 72.375 l 144.375 73.875 l 142.875 73.875 l 142.875 72.375
 l 144.375 72.375 l 144.375 70.875 l 142.875 70.875 l 142.875 69.375 l 144.375
 69.375 l 144.375 67.875 l 145.875 67.875 l 145.875 69.375 l 147.375 69.375
 l 147.375 67.875 l 145.875 67.875 l 145.875 66.375 l 144.375 66.375 l 144.375
 67.875 l 142.875 67.875 l 142.875 66.375 l S Q
  Q
Q
q
0 0 384 319 re W n
  q
0 g
0.75 w
1 J
0 j
[] 0.0 d
4 M q 1 0 0 1 0 0 cm
142.875 66.375 m 141.375 66.375 l 141.375 67.875 l 142.875 67.875 l 142.875
 69.375 l 141.375 69.375 l 141.375 70.875 l 139.875 70.875 l 139.875 69.375
 l 141.375 69.375 l 141.375 67.875 l 139.875 67.875 l 139.875 66.375 l 138.375
 66.375 l 138.375 67.875 l 136.875 67.875 l 136.875 66.375 l 138.375 66.375
 l 138.375 64.875 l 136.875 64.875 l 136.875 63.375 l 138.375 63.375 l 138.375
 61.875 l 139.875 61.875 l 139.875 63.375 l 138.375 63.375 l 138.375 64.875
 l 139.875 64.875 l 139.875 66.375 l 141.375 66.375 l 141.375 64.875 l 142.875
 64.875 l 142.875 66.375 l 144.375 66.375 l 144.375 64.875 l 142.875 64.875
 l 142.875 63.375 l 144.375 63.375 l 144.375 61.875 l 145.875 61.875 l 145.875
 63.375 l 147.375 63.375 l 147.375 61.875 l S Q
  Q
Q
q
0 0 384 319 re W n
  q
0 g
0.75 w
1 J
0 j
[] 0.0 d
4 M q 1 0 0 1 0 0 cm
147.375 61.875 m 145.875 61.875 l 145.875 60.375 l 144.375 60.375 l 144.375
 61.875 l 142.875 61.875 l 142.875 60.375 l 144.375 60.375 l 144.375 58.875
 l 142.875 58.875 l 142.875 57.375 l 144.375 57.375 l 144.375 55.875 l 145.875
 55.875 l 145.875 57.375 l 144.375 57.375 l 144.375 58.875 l 145.875 58.875
 l 145.875 60.375 l 147.375 60.375 l 147.375 58.875 l 148.875 58.875 l 148.875
 60.375 l 150.375 60.375 l 150.375 58.875 l 148.875 58.875 l 148.875 57.375
 l 150.375 57.375 l 150.375 55.875 l 151.875 55.875 l 151.875 57.375 l 150.375
 57.375 l 150.375 58.875 l 151.875 58.875 l 151.875 60.375 l 153.375 60.375
 l 153.375 58.875 l 154.875 58.875 l 154.875 60.375 l 153.375 60.375 l 153.375
 61.875 l 154.875 61.875 l 154.875 63.375 l S Q
  Q
Q
q
0 0 384 319 re W n
  q
0 g
0.75 w
1 J
0 j
[] 0.0 d
4 M q 1 0 0 1 0 0 cm
154.875 63.375 m 153.375 63.375 l 153.375 64.875 l 151.875 64.875 l 151.875
 63.375 l 150.375 63.375 l 150.375 64.875 l 151.875 64.875 l 151.875 66.375
 l 153.375 66.375 l 153.375 64.875 l 154.875 64.875 l 154.875 66.375 l 156.375
 66.375 l 156.375 64.875 l 154.875 64.875 l 154.875 63.375 l 156.375 63.375
 l 156.375 61.875 l 157.875 61.875 l 157.875 63.375 l 159.375 63.375 l 159.375
 61.875 l 157.875 61.875 l 157.875 60.375 l 156.375 60.375 l 156.375 61.875
 l 154.875 61.875 l 154.875 60.375 l 156.375 60.375 l 156.375 58.875 l 154.875
 58.875 l 154.875 57.375 l 156.375 57.375 l 156.375 55.875 l 157.875 55.875
 l 157.875 57.375 l 159.375 57.375 l 159.375 55.875 l 157.875 55.875 l 157.875
 54.375 l 156.375 54.375 l 156.375 55.875 l S Q
  Q
Q
q
0 0 384 319 re W n
  q
0 g
0.75 w
1 J
0 j
[] 0.0 d
4 M q 1 0 0 1 0 0 cm
156.375 55.875 m 154.875 55.875 l 154.875 54.375 l 153.375 54.375 l 153.375
 55.875 l 154.875 55.875 l 154.875 57.375 l 153.375 57.375 l 153.375 58.875
 l 151.875 58.875 l 151.875 57.375 l 153.375 57.375 l 153.375 55.875 l 151.875
 55.875 l 151.875 54.375 l 150.375 54.375 l 150.375 55.875 l 148.875 55.875
 l 148.875 54.375 l 150.375 54.375 l 150.375 52.875 l 148.875 52.875 l 148.875
 51.375 l 150.375 51.375 l 150.375 49.875 l 151.875 49.875 l 151.875 51.375
 l 153.375 51.375 l 153.375 49.875 l 151.875 49.875 l 151.875 48.375 l 150.375
 48.375 l 150.375 49.875 l 148.875 49.875 l 148.875 48.375 l 147.375 48.375
 l 147.375 49.875 l 148.875 49.875 l 148.875 51.375 l 147.375 51.375 l 147.375
 52.875 l 145.875 52.875 l 145.875 51.375 l S Q
  Q
Q
q
0 0 384 319 re W n
  q
0 g
0.75 w
1 J
0 j
[] 0.0 d
4 M q 1 0 0 1 0 0 cm
145.875 51.375 m 144.375 51.375 l 144.375 52.875 l 145.875 52.875 l 145.875
 54.375 l 147.375 54.375 l 147.375 52.875 l 148.875 52.875 l 148.875 54.375
 l 147.375 54.375 l 147.375 55.875 l 148.875 55.875 l 148.875 57.375 l 147.375
 57.375 l 147.375 58.875 l 145.875 58.875 l 145.875 57.375 l 147.375 57.375
 l 147.375 55.875 l 145.875 55.875 l 145.875 54.375 l 144.375 54.375 l 144.375
 55.875 l 142.875 55.875 l 142.875 54.375 l 141.375 54.375 l 141.375 55.875
 l 142.875 55.875 l 142.875 57.375 l 141.375 57.375 l 141.375 58.875 l 139.875
 58.875 l 139.875 57.375 l 141.375 57.375 l 141.375 55.875 l 139.875 55.875
 l 139.875 54.375 l 138.375 54.375 l 138.375 55.875 l 136.875 55.875 l 136.875
 54.375 l 138.375 54.375 l 138.375 52.875 l S Q
  Q
Q
q
0 0 384 319 re W n
  q
0 g
0.75 w
1 J
0 j
[] 0.0 d
4 M q 1 0 0 1 0 0 cm
138.375 52.875 m 136.875 52.875 l 136.875 51.375 l 138.375 51.375 l 138.375
 49.875 l 139.875 49.875 l 139.875 51.375 l 138.375 51.375 l 138.375 52.875
 l 139.875 52.875 l 139.875 54.375 l 141.375 54.375 l 141.375 52.875 l 142.875
 52.875 l 142.875 54.375 l 144.375 54.375 l 144.375 52.875 l 142.875 52.875
 l 142.875 51.375 l 144.375 51.375 l 144.375 49.875 l 145.875 49.875 l 145.875
 51.375 l 147.375 51.375 l 147.375 49.875 l 145.875 49.875 l 145.875 48.375
 l 144.375 48.375 l 144.375 49.875 l 142.875 49.875 l 142.875 48.375 l 144.375
 48.375 l 144.375 46.875 l 142.875 46.875 l 142.875 45.375 l 144.375 45.375
 l 144.375 43.875 l 145.875 43.875 l 145.875 45.375 l 147.375 45.375 l 147.375
 43.875 l 145.875 43.875 l 145.875 42.375 l S Q
  Q
Q
q
0 0 384 319 re W n
  q
0 g
0.75 w
1 J
0 j
[] 0.0 d
4 M q 1 0 0 1 0 0 cm
145.875 42.375 m 144.375 42.375 l 144.375 43.875 l 142.875 43.875 l 142.875
 42.375 l 141.375 42.375 l 141.375 43.875 l 142.875 43.875 l 142.875 45.375
 l 141.375 45.375 l 141.375 46.875 l 139.875 46.875 l 139.875 45.375 l 141.375
 45.375 l 141.375 43.875 l 139.875 43.875 l 139.875 42.375 l 138.375 42.375
 l 138.375 43.875 l 136.875 43.875 l 136.875 42.375 l 138.375 42.375 l 138.375
 40.875 l 136.875 40.875 l 136.875 39.375 l 138.375 39.375 l 138.375 37.875
 l 139.875 37.875 l 139.875 39.375 l 138.375 39.375 l 138.375 40.875 l 139.875
 40.875 l 139.875 42.375 l 141.375 42.375 l 141.375 40.875 l 142.875 40.875
 l 142.875 42.375 l 144.375 42.375 l 144.375 40.875 l 142.875 40.875 l 142.875
 39.375 l 144.375 39.375 l 144.375 37.875 l S Q
  Q
Q
q
0 0 384 319 re W n
  q
0 g
0.75 w
1 J
0 j
[] 0.0 d
4 M q 1 0 0 1 0 0 cm
144.375 37.875 m 145.875 37.875 l 145.875 39.375 l 147.375 39.375 l 147.375
 37.875 l 145.875 37.875 l 145.875 36.375 l 144.375 36.375 l 144.375 37.875
 l 142.875 37.875 l 142.875 36.375 l 144.375 36.375 l 144.375 34.875 l 142.875
 34.875 l 142.875 33.375 l 144.375 33.375 l 144.375 31.875 l 145.875 31.875
 l 145.875 33.375 l 144.375 33.375 l 144.375 34.875 l 145.875 34.875 l 145.875
 36.375 l 147.375 36.375 l 147.375 34.875 l 148.875 34.875 l 148.875 36.375
 l 150.375 36.375 l 150.375 34.875 l 148.875 34.875 l 148.875 33.375 l 150.375
 33.375 l 150.375 31.875 l 151.875 31.875 l 151.875 33.375 l 150.375 33.375
 l 150.375 34.875 l 151.875 34.875 l 151.875 36.375 l 153.375 36.375 l 153.375
 34.875 l 154.875 34.875 l 154.875 36.375 l S Q
  Q
Q
q
0 0 384 319 re W n
  q
0 g
0.75 w
1 J
0 j
[] 0.0 d
4 M q 1 0 0 1 0 0 cm
154.875 36.375 m 153.375 36.375 l 153.375 37.875 l 154.875 37.875 l 154.875
 39.375 l 153.375 39.375 l 153.375 40.875 l 151.875 40.875 l 151.875 39.375
 l 150.375 39.375 l 150.375 40.875 l 151.875 40.875 l 151.875 42.375 l 153.375
 42.375 l 153.375 40.875 l 154.875 40.875 l 154.875 42.375 l 156.375 42.375
 l 156.375 40.875 l 154.875 40.875 l 154.875 39.375 l 156.375 39.375 l 156.375
 37.875 l 157.875 37.875 l 157.875 39.375 l 159.375 39.375 l 159.375 37.875
 l 157.875 37.875 l 157.875 36.375 l 156.375 36.375 l 156.375 37.875 l 154.875
 37.875 l 154.875 36.375 l 156.375 36.375 l 156.375 34.875 l 154.875 34.875
 l 154.875 33.375 l 156.375 33.375 l 156.375 31.875 l 157.875 31.875 l 157.875
 33.375 l 159.375 33.375 l 159.375 31.875 l S Q
  Q
Q
q
0 0 384 319 re W n
  q
0 g
0.75 w
1 J
0 j
[] 0.0 d
4 M q 1 0 0 1 0 0 cm
159.375 31.875 m 157.875 31.875 l 157.875 30.375 l 156.375 30.375 l 156.375
 31.875 l 154.875 31.875 l 154.875 30.375 l 153.375 30.375 l 153.375 31.875
 l 154.875 31.875 l 154.875 33.375 l 153.375 33.375 l 153.375 34.875 l 151.875
 34.875 l 151.875 33.375 l 153.375 33.375 l 153.375 31.875 l 151.875 31.875
 l 151.875 30.375 l 150.375 30.375 l 150.375 31.875 l 148.875 31.875 l 148.875
 30.375 l 150.375 30.375 l 150.375 28.875 l 148.875 28.875 l 148.875 27.375
 l 150.375 27.375 l 150.375 25.875 l 151.875 25.875 l 151.875 27.375 l 153.375
 27.375 l 153.375 25.875 l 151.875 25.875 l 151.875 24.375 l 150.375 24.375
 l 150.375 25.875 l 148.875 25.875 l 148.875 24.375 l 147.375 24.375 l 147.375
 25.875 l 148.875 25.875 l 148.875 27.375 l S Q
  Q
Q
q
0 0 384 319 re W n
  q
0 g
0.75 w
1 J
0 j
[] 0.0 d
4 M q 1 0 0 1 0 0 cm
148.875 27.375 m 147.375 27.375 l 147.375 28.875 l 145.875 28.875 l 145.875
 27.375 l 144.375 27.375 l 144.375 28.875 l 145.875 28.875 l 145.875 30.375
 l 147.375 30.375 l 147.375 28.875 l 148.875 28.875 l 148.875 30.375 l 147.375
 30.375 l 147.375 31.875 l 148.875 31.875 l 148.875 33.375 l 147.375 33.375
 l 147.375 34.875 l 145.875 34.875 l 145.875 33.375 l 147.375 33.375 l 147.375
 31.875 l 145.875 31.875 l 145.875 30.375 l 144.375 30.375 l 144.375 31.875
 l 142.875 31.875 l 142.875 30.375 l 141.375 30.375 l 141.375 31.875 l 142.875
 31.875 l 142.875 33.375 l 141.375 33.375 l 141.375 34.875 l 139.875 34.875
 l 139.875 33.375 l 141.375 33.375 l 141.375 31.875 l 139.875 31.875 l 139.875
 30.375 l 138.375 30.375 l 138.375 31.875 l S Q
  Q
Q
q
0 0 384 319 re W n
  q
0 g
0.75 w
1 J
0 j
[] 0.0 d
4 M q 1 0 0 1 0 0 cm
138.375 31.875 m 136.875 31.875 l 136.875 30.375 l 138.375 30.375 l 138.375
 28.875 l 136.875 28.875 l 136.875 27.375 l 138.375 27.375 l 138.375 25.875
 l 139.875 25.875 l 139.875 27.375 l 141.375 27.375 l 141.375 25.875 l 139.875
 25.875 l 139.875 24.375 l 138.375 24.375 l 138.375 25.875 l 136.875 25.875
 l 136.875 24.375 l 135.375 24.375 l 135.375 25.875 l 136.875 25.875 l 136.875
 27.375 l 135.375 27.375 l 135.375 28.875 l 133.875 28.875 l 133.875 27.375
 l 132.375 27.375 l 132.375 28.875 l 133.875 28.875 l 133.875 30.375 l 135.375
 30.375 l 135.375 28.875 l 136.875 28.875 l 136.875 30.375 l 135.375 30.375
 l 135.375 31.875 l 136.875 31.875 l 136.875 33.375 l 135.375 33.375 l 135.375
 34.875 l 133.875 34.875 l 133.875 33.375 l S Q
  Q
Q
q
0 0 384 319 re W n
  q
0 g
0.75 w
1 J
0 j
[] 0.0 d
4 M q 1 0 0 1 0 0 cm
133.875 33.375 m 132.375 33.375 l 132.375 34.875 l 133.875 34.875 l 133.875
 36.375 l 135.375 36.375 l 135.375 34.875 l 136.875 34.875 l 136.875 36.375
 l 138.375 36.375 l 138.375 34.875 l 136.875 34.875 l 136.875 33.375 l 138.375
 33.375 l 138.375 31.875 l 139.875 31.875 l 139.875 33.375 l 138.375 33.375
 l 138.375 34.875 l 139.875 34.875 l 139.875 36.375 l 141.375 36.375 l 141.375
 34.875 l 142.875 34.875 l 142.875 36.375 l 141.375 36.375 l 141.375 37.875
 l 142.875 37.875 l 142.875 39.375 l 141.375 39.375 l 141.375 40.875 l 139.875
 40.875 l 139.875 39.375 l 141.375 39.375 l 141.375 37.875 l 139.875 37.875
 l 139.875 36.375 l 138.375 36.375 l 138.375 37.875 l 136.875 37.875 l 136.875
 36.375 l 135.375 36.375 l 135.375 37.875 l S Q
  Q
Q
q
0 0 384 319 re W n
  q
0 g
0.75 w
1 J
0 j
[] 0.0 d
4 M q 1 0 0 1 0 0 cm
135.375 37.875 m 136.875 37.875 l 136.875 39.375 l 135.375 39.375 l 135.375
 40.875 l 133.875 40.875 l 133.875 39.375 l 132.375 39.375 l 132.375 40.875
 l 133.875 40.875 l 133.875 42.375 l 135.375 42.375 l 135.375 40.875 l 136.875
 40.875 l 136.875 42.375 l 135.375 42.375 l 135.375 43.875 l 136.875 43.875
 l 136.875 45.375 l 135.375 45.375 l 135.375 46.875 l 133.875 46.875 l 133.875
 45.375 l 135.375 45.375 l 135.375 43.875 l 133.875 43.875 l 133.875 42.375
 l 132.375 42.375 l 132.375 43.875 l 130.875 43.875 l 130.875 42.375 l 129.375
 42.375 l 129.375 43.875 l 130.875 43.875 l 130.875 45.375 l 129.375 45.375
 l 129.375 46.875 l 127.875 46.875 l 127.875 45.375 l 129.375 45.375 l 129.375
 43.875 l 127.875 43.875 l 127.875 42.375 l S Q
  Q
Q
q
0 0 384 319 re W n
  q
0 g
0.75 w
1 J
0 j
[] 0.0 d
4 M q 1 0 0 1 0 0 cm
127.875 42.375 m 126.375 42.375 l 126.375 43.875 l 124.875 43.875 l 124.875
 42.375 l 126.375 42.375 l 126.375 40.875 l 124.875 40.875 l 124.875 39.375
 l 126.375 39.375 l 126.375 37.875 l 127.875 37.875 l 127.875 39.375 l 126.375
 39.375 l 126.375 40.875 l 127.875 40.875 l 127.875 42.375 l 129.375 42.375
 l 129.375 40.875 l 130.875 40.875 l 130.875 42.375 l 132.375 42.375 l 132.375
 40.875 l 130.875 40.875 l 130.875 39.375 l 132.375 39.375 l 132.375 37.875
 l 133.875 37.875 l 133.875 39.375 l 135.375 39.375 l 135.375 37.875 l 133.875
 37.875 l 133.875 36.375 l 132.375 36.375 l 132.375 37.875 l 130.875 37.875
 l 130.875 36.375 l 132.375 36.375 l 132.375 34.875 l 130.875 34.875 l 130.875
 33.375 l 132.375 33.375 l 132.375 31.875 l S Q
  Q
Q
q
0 0 384 319 re W n
  q
0 g
0.75 w
1 J
0 j
[] 0.0 d
4 M q 1 0 0 1 0 0 cm
132.375 31.875 m 133.875 31.875 l 133.875 33.375 l 135.375 33.375 l 135.375
 31.875 l 133.875 31.875 l 133.875 30.375 l 132.375 30.375 l 132.375 31.875
 l 130.875 31.875 l 130.875 30.375 l 129.375 30.375 l 129.375 31.875 l 130.875
 31.875 l 130.875 33.375 l 129.375 33.375 l 129.375 34.875 l 127.875 34.875
 l 127.875 33.375 l 129.375 33.375 l 129.375 31.875 l 127.875 31.875 l 127.875
 30.375 l 126.375 30.375 l 126.375 31.875 l 124.875 31.875 l 124.875 30.375
 l 126.375 30.375 l 126.375 28.875 l 124.875 28.875 l 124.875 27.375 l 126.375
 27.375 l 126.375 25.875 l 127.875 25.875 l 127.875 27.375 l 129.375 27.375
 l 129.375 25.875 l 127.875 25.875 l 127.875 24.375 l 126.375 24.375 l 126.375
 25.875 l 124.875 25.875 l 124.875 24.375 l S Q
  Q
Q
q
0 0 384 319 re W n
  q
0 g
0.75 w
1 J
0 j
[] 0.0 d
4 M q 1 0 0 1 0 0 cm
124.875 24.375 m 123.375 24.375 l 123.375 25.875 l 124.875 25.875 l 124.875
 27.375 l 123.375 27.375 l 123.375 28.875 l 121.875 28.875 l 121.875 27.375
 l 120.375 27.375 l 120.375 28.875 l 121.875 28.875 l 121.875 30.375 l 123.375
 30.375 l 123.375 28.875 l 124.875 28.875 l 124.875 30.375 l 123.375 30.375
 l 123.375 31.875 l 124.875 31.875 l 124.875 33.375 l 123.375 33.375 l 123.375
 34.875 l 121.875 34.875 l 121.875 33.375 l 123.375 33.375 l 123.375 31.875
 l 121.875 31.875 l 121.875 30.375 l 120.375 30.375 l 120.375 31.875 l 118.875
 31.875 l 118.875 30.375 l 117.375 30.375 l 117.375 31.875 l 118.875 31.875
 l 118.875 33.375 l 117.375 33.375 l 117.375 34.875 l 115.875 34.875 l 115.875
 33.375 l 117.375 33.375 l 117.375 31.875 l S Q
  Q
Q
q
0 0 384 319 re W n
  q
0 g
0.75 w
1 J
0 j
[] 0.0 d
4 M q 1 0 0 1 0 0 cm
117.375 31.875 m 115.875 31.875 l 115.875 30.375 l 114.375 30.375 l 114.375
 31.875 l 112.875 31.875 l 112.875 30.375 l 114.375 30.375 l 114.375 28.875
 l 112.875 28.875 l 112.875 27.375 l 114.375 27.375 l 114.375 25.875 l 115.875
 25.875 l 115.875 27.375 l 114.375 27.375 l 114.375 28.875 l 115.875 28.875
 l 115.875 30.375 l 117.375 30.375 l 117.375 28.875 l 118.875 28.875 l 118.875
 30.375 l 120.375 30.375 l 120.375 28.875 l 118.875 28.875 l 118.875 27.375
 l 120.375 27.375 l 120.375 25.875 l 121.875 25.875 l 121.875 27.375 l 123.375
 27.375 l 123.375 25.875 l 121.875 25.875 l 121.875 24.375 l 120.375 24.375
 l 120.375 25.875 l 118.875 25.875 l 118.875 24.375 l 120.375 24.375 l 120.375
 22.875 l 118.875 22.875 l 118.875 21.375 l S Q
  Q
Q
q
0 0 384 319 re W n
  q
0 g
0.75 w
1 J
0 j
[] 0.0 d
4 M q 1 0 0 1 0 0 cm
118.875 21.375 m 120.375 21.375 l 120.375 19.875 l 121.875 19.875 l 121.875
 21.375 l 123.375 21.375 l 123.375 19.875 l 121.875 19.875 l 121.875 18.375
 l 120.375 18.375 l 120.375 19.875 l 118.875 19.875 l 118.875 18.375 l 117.375
 18.375 l 117.375 19.875 l 118.875 19.875 l 118.875 21.375 l 117.375 21.375
 l 117.375 22.875 l 115.875 22.875 l 115.875 21.375 l 117.375 21.375 l 117.375
 19.875 l 115.875 19.875 l 115.875 18.375 l 114.375 18.375 l 114.375 19.875
 l 112.875 19.875 l 112.875 18.375 l 114.375 18.375 l 114.375 16.875 l 112.875
 16.875 l 112.875 15.375 l 114.375 15.375 l 114.375 13.875 l 115.875 13.875
 l 115.875 15.375 l 114.375 15.375 l 114.375 16.875 l 115.875 16.875 l 115.875
 18.375 l 117.375 18.375 l 117.375 16.875 l S Q
  Q
Q
q
0 0 384 319 re W n
  q
0 g
0.75 w
1 J
0 j
[] 0.0 d
4 M q 1 0 0 1 0 0 cm
117.375 16.875 m 118.875 16.875 l 118.875 18.375 l 120.375 18.375 l 120.375
 16.875 l 118.875 16.875 l 118.875 15.375 l 120.375 15.375 l 120.375 13.875
 l 121.875 13.875 l 121.875 15.375 l 123.375 15.375 l 123.375 13.875 l 121.875
 13.875 l 121.875 12.375 l 120.375 12.375 l 120.375 13.875 l 118.875 13.875
 l 118.875 12.375 l 120.375 12.375 l 120.375 10.875 l 118.875 10.875 l 118.875
 9.375 l 120.375 9.375 l 120.375 7.875 l 121.875 7.875 l 121.875 9.375 l
 120.375 9.375 l 120.375 10.875 l 121.875 10.875 l 121.875 12.375 l 123.375
 12.375 l 123.375 10.875 l 124.875 10.875 l 124.875 12.375 l 126.375 12.375
 l 126.375 10.875 l 124.875 10.875 l 124.875 9.375 l 126.375 9.375 l 126.375
 7.875 l 127.875 7.875 l 127.875 9.375 l S Q
  Q
Q
q
0 0 384 319 re W n
  q
0 g
0.75 w
1 J
0 j
[] 0.0 d
4 M q 1 0 0 1 0 0 cm
127.875 9.375 m 126.375 9.375 l 126.375 10.875 l 127.875 10.875 l 127.875
 12.375 l 129.375 12.375 l 129.375 10.875 l 130.875 10.875 l 130.875 12.375
 l 129.375 12.375 l 129.375 13.875 l 130.875 13.875 l 130.875 15.375 l 129.375
 15.375 l 129.375 16.875 l 127.875 16.875 l 127.875 15.375 l 126.375 15.375
 l 126.375 16.875 l 127.875 16.875 l 127.875 18.375 l 129.375 18.375 l 129.375
 16.875 l 130.875 16.875 l 130.875 18.375 l 132.375 18.375 l 132.375 16.875
 l 130.875 16.875 l 130.875 15.375 l 132.375 15.375 l 132.375 13.875 l 133.875
 13.875 l 133.875 15.375 l 135.375 15.375 l 135.375 13.875 l 133.875 13.875
 l 133.875 12.375 l 132.375 12.375 l 132.375 13.875 l 130.875 13.875 l 130.875
 12.375 l 132.375 12.375 l 132.375 10.875 l S Q
  Q
Q
q
0 0 384 319 re W n
  q
0 g
0.75 w
1 J
0 j
[] 0.0 d
4 M q 1 0 0 1 0 0 cm
132.375 10.875 m 130.875 10.875 l 130.875 9.375 l 132.375 9.375 l 132.375
 7.875 l 133.875 7.875 l 133.875 9.375 l 135.375 9.375 l 135.375 7.875 l
 133.875 7.875 l 133.875 6.375 l 132.375 6.375 l 132.375 7.875 l 130.875
 7.875 l 130.875 6.375 l 129.375 6.375 l 129.375 7.875 l 130.875 7.875 l
 130.875 9.375 l 129.375 9.375 l 129.375 10.875 l 127.875 10.875 l 127.875
 9.375 l 129.375 9.375 l 129.375 7.875 l 127.875 7.875 l 127.875 6.375 l
 126.375 6.375 l 126.375 7.875 l 124.875 7.875 l 124.875 6.375 l 126.375
 6.375 l 126.375 4.875 l 124.875 4.875 l 124.875 3.375 l 126.375 3.375 l
 126.375 1.875 l 127.875 1.875 l 127.875 3.375 l 129.375 3.375 l 129.375
 1.875 l 127.875 1.875 l 127.875 0.375 l S Q
  Q
Q
q
0 0 384 319 re W n
  q
0 g
0.75 w
1 J
0 j
[] 0.0 d
4 M q 1 0 0 1 0 0 cm
127.875 0.375 m 126.375 0.375 l 126.375 1.875 l 124.875 1.875 l 124.875
 0.375 l 123.375 0.375 l 123.375 1.875 l 124.875 1.875 l 124.875 3.375 l
 123.375 3.375 l 123.375 4.875 l 121.875 4.875 l 121.875 3.375 l 120.375
 3.375 l 120.375 4.875 l 121.875 4.875 l 121.875 6.375 l 123.375 6.375 l
 123.375 4.875 l 124.875 4.875 l 124.875 6.375 l 123.375 6.375 l 123.375
 7.875 l 124.875 7.875 l 124.875 9.375 l 123.375 9.375 l 123.375 10.875 
l 121.875 10.875 l 121.875 9.375 l 123.375 9.375 l 123.375 7.875 l 121.875
 7.875 l 121.875 6.375 l 120.375 6.375 l 120.375 7.875 l 118.875 7.875 l
 118.875 6.375 l 117.375 6.375 l 117.375 7.875 l 118.875 7.875 l 118.875
 9.375 l 117.375 9.375 l 117.375 10.875 l S Q
  Q
Q
q
0 0 384 319 re W n
  q
0 g
0.75 w
1 J
0 j
[] 0.0 d
4 M q 1 0 0 1 0 0 cm
117.375 10.875 m 115.875 10.875 l 115.875 9.375 l 117.375 9.375 l 117.375
 7.875 l 115.875 7.875 l 115.875 6.375 l 114.375 6.375 l 114.375 7.875 l
 112.875 7.875 l 112.875 6.375 l 114.375 6.375 l 114.375 4.875 l 112.875
 4.875 l 112.875 3.375 l 114.375 3.375 l 114.375 1.875 l 115.875 1.875 l
 115.875 3.375 l 117.375 3.375 l 117.375 1.875 l 115.875 1.875 l 115.875
 0.375 l 114.375 0.375 l 114.375 1.875 l 112.875 1.875 l 112.875 0.375 l
 111.375 0.375 l 111.375 1.875 l 112.875 1.875 l 112.875 3.375 l 111.375
 3.375 l 111.375 4.875 l 109.875 4.875 l 109.875 3.375 l 108.375 3.375 l
 108.375 4.875 l 109.875 4.875 l 109.875 6.375 l 111.375 6.375 l 111.375
 4.875 l 112.875 4.875 l 112.875 6.375 l S Q
  Q
Q
q
0 0 384 319 re W n
  q
0 g
0.75 w
1 J
0 j
[] 0.0 d
4 M q 1 0 0 1 0 0 cm
112.875 6.375 m 111.375 6.375 l 111.375 7.875 l 112.875 7.875 l 112.875
 9.375 l 111.375 9.375 l 111.375 10.875 l 109.875 10.875 l 109.875 9.375
 l 108.375 9.375 l 108.375 10.875 l 109.875 10.875 l 109.875 12.375 l 111.375
 12.375 l 111.375 10.875 l 112.875 10.875 l 112.875 12.375 l 114.375 12.375
 l 114.375 10.875 l 112.875 10.875 l 112.875 9.375 l 114.375 9.375 l 114.375
 7.875 l 115.875 7.875 l 115.875 9.375 l 114.375 9.375 l 114.375 10.875 
l 115.875 10.875 l 115.875 12.375 l 117.375 12.375 l 117.375 10.875 l 118.875
 10.875 l 118.875 12.375 l 117.375 12.375 l 117.375 13.875 l 118.875 13.875
 l 118.875 15.375 l 117.375 15.375 l 117.375 16.875 l 115.875 16.875 l 115.875
 15.375 l 117.375 15.375 l 117.375 13.875 l S Q
  Q
Q
q
0 0 384 319 re W n
  q
0 g
0.75 w
1 J
0 j
[] 0.0 d
4 M q 1 0 0 1 0 0 cm
117.375 13.875 m 115.875 13.875 l 115.875 12.375 l 114.375 12.375 l 114.375
 13.875 l 112.875 13.875 l 112.875 12.375 l 111.375 12.375 l 111.375 13.875
 l 112.875 13.875 l 112.875 15.375 l 111.375 15.375 l 111.375 16.875 l 109.875
 16.875 l 109.875 15.375 l 108.375 15.375 l 108.375 16.875 l 109.875 16.875
 l 109.875 18.375 l 111.375 18.375 l 111.375 16.875 l 112.875 16.875 l 112.875
 18.375 l 111.375 18.375 l 111.375 19.875 l 112.875 19.875 l 112.875 21.375
 l 111.375 21.375 l 111.375 22.875 l 109.875 22.875 l 109.875 21.375 l 111.375
 21.375 l 111.375 19.875 l 109.875 19.875 l 109.875 18.375 l 108.375 18.375
 l 108.375 19.875 l 106.875 19.875 l 106.875 18.375 l 105.375 18.375 l 105.375
 19.875 l 106.875 19.875 l 106.875 21.375 l S Q
  Q
Q
q
0 0 384 319 re W n
  q
0 g
0.75 w
1 J
0 j
[] 0.0 d
4 M q 1 0 0 1 0 0 cm
106.875 21.375 m 105.375 21.375 l 105.375 22.875 l 103.875 22.875 l 103.875
 21.375 l 105.375 21.375 l 105.375 19.875 l 103.875 19.875 l 103.875 18.375
 l 102.375 18.375 l 102.375 19.875 l 100.875 19.875 l 100.875 18.375 l 102.375
 18.375 l 102.375 16.875 l 100.875 16.875 l 100.875 15.375 l 102.375 15.375
 l 102.375 13.875 l 103.875 13.875 l 103.875 15.375 l 105.375 15.375 l 105.375
 13.875 l 103.875 13.875 l 103.875 12.375 l 102.375 12.375 l 102.375 13.875
 l 100.875 13.875 l 100.875 12.375 l 99.375 12.375 l 99.375 13.875 l 100.875
 13.875 l 100.875 15.375 l 99.375 15.375 l 99.375 16.875 l 97.875 16.875
 l 97.875 15.375 l 96.375 15.375 l 96.375 16.875 l 97.875 16.875 l 97.875
 18.375 l 99.375 18.375 l 99.375 16.875 l S Q
  Q
Q
q
0 0 384 319 re W n
  q
0 g
0.75 w
1 J
0 j
[] 0.0 d
4 M q 1 0 0 1 0 0 cm
99.375 16.875 m 100.875 16.875 l 100.875 18.375 l 99.375 18.375 l 99.375
 19.875 l 100.875 19.875 l 100.875 21.375 l 99.375 21.375 l 99.375 22.875
 l 97.875 22.875 l 97.875 21.375 l 96.375 21.375 l 96.375 22.875 l 97.875
 22.875 l 97.875 24.375 l 99.375 24.375 l 99.375 22.875 l 100.875 22.875
 l 100.875 24.375 l 102.375 24.375 l 102.375 22.875 l 100.875 22.875 l 100.875
 21.375 l 102.375 21.375 l 102.375 19.875 l 103.875 19.875 l 103.875 21.375
 l 102.375 21.375 l 102.375 22.875 l 103.875 22.875 l 103.875 24.375 l 105.375
 24.375 l 105.375 22.875 l 106.875 22.875 l 106.875 24.375 l 105.375 24.375
 l 105.375 25.875 l 106.875 25.875 l 106.875 27.375 l 105.375 27.375 l 105.375
 28.875 l 103.875 28.875 l 103.875 27.375 l S Q
  Q
Q
q
0 0 384 319 re W n
  q
0 g
0.75 w
1 J
0 j
[] 0.0 d
4 M q 1 0 0 1 0 0 cm
103.875 27.375 m 102.375 27.375 l 102.375 28.875 l 103.875 28.875 l 103.875
 30.375 l 105.375 30.375 l 105.375 28.875 l 106.875 28.875 l 106.875 30.375
 l 108.375 30.375 l 108.375 28.875 l 106.875 28.875 l 106.875 27.375 l 108.375
 27.375 l 108.375 25.875 l 109.875 25.875 l 109.875 27.375 l 111.375 27.375
 l 111.375 25.875 l 109.875 25.875 l 109.875 24.375 l 108.375 24.375 l 108.375
 25.875 l 106.875 25.875 l 106.875 24.375 l 108.375 24.375 l 108.375 22.875
 l 106.875 22.875 l 106.875 21.375 l 108.375 21.375 l 108.375 19.875 l 109.875
 19.875 l 109.875 21.375 l 108.375 21.375 l 108.375 22.875 l 109.875 22.875
 l 109.875 24.375 l 111.375 24.375 l 111.375 22.875 l 112.875 22.875 l 112.875
 24.375 l 114.375 24.375 l 114.375 22.875 l S Q
  Q
Q
q
0 0 384 319 re W n
  q
0 g
0.75 w
1 J
0 j
[] 0.0 d
4 M q 1 0 0 1 0 0 cm
114.375 22.875 m 112.875 22.875 l 112.875 21.375 l 114.375 21.375 l 114.375
 19.875 l 115.875 19.875 l 115.875 21.375 l 114.375 21.375 l 114.375 22.875
 l 115.875 22.875 l 115.875 24.375 l 117.375 24.375 l 117.375 22.875 l 118.875
 22.875 l 118.875 24.375 l 117.375 24.375 l 117.375 25.875 l 118.875 25.875
 l 118.875 27.375 l 117.375 27.375 l 117.375 28.875 l 115.875 28.875 l 115.875
 27.375 l 117.375 27.375 l 117.375 25.875 l 115.875 25.875 l 115.875 24.375
 l 114.375 24.375 l 114.375 25.875 l 112.875 25.875 l 112.875 24.375 l 111.375
 24.375 l 111.375 25.875 l 112.875 25.875 l 112.875 27.375 l 111.375 27.375
 l 111.375 28.875 l 109.875 28.875 l 109.875 27.375 l 108.375 27.375 l 108.375
 28.875 l 109.875 28.875 l 109.875 30.375 l S Q
  Q
Q
q
0 0 384 319 re W n
  q
0 g
0.75 w
1 J
0 j
[] 0.0 d
4 M q 1 0 0 1 0 0 cm
109.875 30.375 m 111.375 30.375 l 111.375 28.875 l 112.875 28.875 l 112.875
 30.375 l 111.375 30.375 l 111.375 31.875 l 112.875 31.875 l 112.875 33.375
 l 111.375 33.375 l 111.375 34.875 l 109.875 34.875 l 109.875 33.375 l 108.375
 33.375 l 108.375 34.875 l 109.875 34.875 l 109.875 36.375 l 111.375 36.375
 l 111.375 34.875 l 112.875 34.875 l 112.875 36.375 l 114.375 36.375 l 114.375
 34.875 l 112.875 34.875 l 112.875 33.375 l 114.375 33.375 l 114.375 31.875
 l 115.875 31.875 l 115.875 33.375 l 114.375 33.375 l 114.375 34.875 l 115.875
 34.875 l 115.875 36.375 l 117.375 36.375 l 117.375 34.875 l 118.875 34.875
 l 118.875 36.375 l 117.375 36.375 l 117.375 37.875 l 118.875 37.875 l 118.875
 39.375 l 117.375 39.375 l 117.375 40.875 l S Q
  Q
Q
q
0 0 384 319 re W n
  q
0 g
0.75 w
1 J
0 j
[] 0.0 d
4 M q 1 0 0 1 0 0 cm
117.375 40.875 m 115.875 40.875 l 115.875 39.375 l 117.375 39.375 l 117.375
 37.875 l 115.875 37.875 l 115.875 36.375 l 114.375 36.375 l 114.375 37.875
 l 112.875 37.875 l 112.875 36.375 l 111.375 36.375 l 111.375 37.875 l 112.875
 37.875 l 112.875 39.375 l 111.375 39.375 l 111.375 40.875 l 109.875 40.875
 l 109.875 39.375 l 108.375 39.375 l 108.375 40.875 l 109.875 40.875 l 109.875
 42.375 l 111.375 42.375 l 111.375 40.875 l 112.875 40.875 l 112.875 42.375
 l 111.375 42.375 l 111.375 43.875 l 112.875 43.875 l 112.875 45.375 l 111.375
 45.375 l 111.375 46.875 l 109.875 46.875 l 109.875 45.375 l 111.375 45.375
 l 111.375 43.875 l 109.875 43.875 l 109.875 42.375 l 108.375 42.375 l 108.375
 43.875 l 106.875 43.875 l 106.875 42.375 l S Q
  Q
Q
q
0 0 384 319 re W n
  q
0 g
0.75 w
1 J
0 j
[] 0.0 d
4 M q 1 0 0 1 0 0 cm
106.875 42.375 m 105.375 42.375 l 105.375 43.875 l 106.875 43.875 l 106.875
 45.375 l 105.375 45.375 l 105.375 46.875 l 103.875 46.875 l 103.875 45.375
 l 105.375 45.375 l 105.375 43.875 l 103.875 43.875 l 103.875 42.375 l 102.375
 42.375 l 102.375 43.875 l 100.875 43.875 l 100.875 42.375 l 102.375 42.375
 l 102.375 40.875 l 100.875 40.875 l 100.875 39.375 l 102.375 39.375 l 102.375
 37.875 l 103.875 37.875 l 103.875 39.375 l 102.375 39.375 l 102.375 40.875
 l 103.875 40.875 l 103.875 42.375 l 105.375 42.375 l 105.375 40.875 l 106.875
 40.875 l 106.875 42.375 l 108.375 42.375 l 108.375 40.875 l 106.875 40.875
 l 106.875 39.375 l 108.375 39.375 l 108.375 37.875 l 109.875 37.875 l 109.875
 39.375 l 111.375 39.375 l 111.375 37.875 l S Q
  Q
Q
q
0 0 384 319 re W n
  q
0 g
0.75 w
1 J
0 j
[] 0.0 d
4 M q 1 0 0 1 0 0 cm
111.375 37.875 m 109.875 37.875 l 109.875 36.375 l 108.375 36.375 l 108.375
 37.875 l 106.875 37.875 l 106.875 36.375 l 108.375 36.375 l 108.375 34.875
 l 106.875 34.875 l 106.875 33.375 l 108.375 33.375 l 108.375 31.875 l 109.875
 31.875 l 109.875 33.375 l 111.375 33.375 l 111.375 31.875 l 109.875 31.875
 l 109.875 30.375 l 108.375 30.375 l 108.375 31.875 l 106.875 31.875 l 106.875
 30.375 l 105.375 30.375 l 105.375 31.875 l 106.875 31.875 l 106.875 33.375
 l 105.375 33.375 l 105.375 34.875 l 103.875 34.875 l 103.875 33.375 l 105.375
 33.375 l 105.375 31.875 l 103.875 31.875 l 103.875 30.375 l 102.375 30.375
 l 102.375 31.875 l 100.875 31.875 l 100.875 30.375 l 102.375 30.375 l 102.375
 28.875 l 100.875 28.875 l 100.875 27.375 l S Q
  Q
Q
q
0 0 384 319 re W n
  q
0 g
0.75 w
1 J
0 j
[] 0.0 d
4 M q 1 0 0 1 0 0 cm
100.875 27.375 m 102.375 27.375 l 102.375 25.875 l 103.875 25.875 l 103.875
 27.375 l 105.375 27.375 l 105.375 25.875 l 103.875 25.875 l 103.875 24.375
 l 102.375 24.375 l 102.375 25.875 l 100.875 25.875 l 100.875 24.375 l 99.375
 24.375 l 99.375 25.875 l 100.875 25.875 l 100.875 27.375 l 99.375 27.375
 l 99.375 28.875 l 97.875 28.875 l 97.875 27.375 l 96.375 27.375 l 96.375
 28.875 l 97.875 28.875 l 97.875 30.375 l 99.375 30.375 l 99.375 28.875 
l 100.875 28.875 l 100.875 30.375 l 99.375 30.375 l 99.375 31.875 l 100.875
 31.875 l 100.875 33.375 l 99.375 33.375 l 99.375 34.875 l 97.875 34.875
 l 97.875 33.375 l 99.375 33.375 l 99.375 31.875 l 97.875 31.875 l 97.875
 30.375 l 96.375 30.375 l 96.375 31.875 l S Q
  Q
Q
q
0 0 384 319 re W n
  q
0 g
0.75 w
1 J
0 j
[] 0.0 d
4 M q 1 0 0 1 0 0 cm
96.375 31.875 m 94.875 31.875 l 94.875 30.375 l 93.375 30.375 l 93.375 
31.875 l 94.875 31.875 l 94.875 33.375 l 93.375 33.375 l 93.375 34.875 l
 91.875 34.875 l 91.875 33.375 l 93.375 33.375 l 93.375 31.875 l 91.875 
31.875 l 91.875 30.375 l 90.375 30.375 l 90.375 31.875 l 88.875 31.875 l
 88.875 30.375 l 90.375 30.375 l 90.375 28.875 l 88.875 28.875 l 88.875 
27.375 l 90.375 27.375 l 90.375 25.875 l 91.875 25.875 l 91.875 27.375 l
 93.375 27.375 l 93.375 25.875 l 91.875 25.875 l 91.875 24.375 l 90.375 
24.375 l 90.375 25.875 l 88.875 25.875 l 88.875 24.375 l 87.375 24.375 l
 87.375 25.875 l 88.875 25.875 l 88.875 27.375 l 87.375 27.375 l 87.375 
28.875 l 85.875 28.875 l 85.875 27.375 l S Q
  Q
Q
q
0 0 384 319 re W n
  q
0 g
0.75 w
1 J
0 j
[] 0.0 d
4 M q 1 0 0 1 0 0 cm
85.875 27.375 m 84.375 27.375 l 84.375 28.875 l 85.875 28.875 l 85.875 
30.375 l 87.375 30.375 l 87.375 28.875 l 88.875 28.875 l 88.875 30.375 l
 87.375 30.375 l 87.375 31.875 l 88.875 31.875 l 88.875 33.375 l 87.375 
33.375 l 87.375 34.875 l 85.875 34.875 l 85.875 33.375 l 84.375 33.375 l
 84.375 34.875 l 85.875 34.875 l 85.875 36.375 l 87.375 36.375 l 87.375 
34.875 l 88.875 34.875 l 88.875 36.375 l 90.375 36.375 l 90.375 34.875 l
 88.875 34.875 l 88.875 33.375 l 90.375 33.375 l 90.375 31.875 l 91.875 
31.875 l 91.875 33.375 l 90.375 33.375 l 90.375 34.875 l 91.875 34.875 l
 91.875 36.375 l 93.375 36.375 l 93.375 34.875 l 94.875 34.875 l 94.875 
36.375 l 93.375 36.375 l 93.375 37.875 l S Q
  Q
Q
q
0 0 384 319 re W n
  q
0 g
0.75 w
1 J
0 j
[] 0.0 d
4 M q 1 0 0 1 0 0 cm
93.375 37.875 m 94.875 37.875 l 94.875 39.375 l 93.375 39.375 l 93.375 
40.875 l 91.875 40.875 l 91.875 39.375 l 93.375 39.375 l 93.375 37.875 l
 91.875 37.875 l 91.875 36.375 l 90.375 36.375 l 90.375 37.875 l 88.875 
37.875 l 88.875 36.375 l 87.375 36.375 l 87.375 37.875 l 88.875 37.875 l
 88.875 39.375 l 87.375 39.375 l 87.375 40.875 l 85.875 40.875 l 85.875 
39.375 l 84.375 39.375 l 84.375 40.875 l 85.875 40.875 l 85.875 42.375 l
 87.375 42.375 l 87.375 40.875 l 88.875 40.875 l 88.875 42.375 l 87.375 
42.375 l 87.375 43.875 l 88.875 43.875 l 88.875 45.375 l 87.375 45.375 l
 87.375 46.875 l 85.875 46.875 l 85.875 45.375 l 87.375 45.375 l 87.375 
43.875 l 85.875 43.875 l 85.875 42.375 l S Q
  Q
Q
q
0 0 384 319 re W n
  q
0 g
0.75 w
1 J
0 j
[] 0.0 d
4 M q 1 0 0 1 0 0 cm
85.875 42.375 m 84.375 42.375 l 84.375 43.875 l 82.875 43.875 l 82.875 
42.375 l 81.375 42.375 l 81.375 43.875 l 82.875 43.875 l 82.875 45.375 l
 81.375 45.375 l 81.375 46.875 l 79.875 46.875 l 79.875 45.375 l 81.375 
45.375 l 81.375 43.875 l 79.875 43.875 l 79.875 42.375 l 78.375 42.375 l
 78.375 43.875 l 76.875 43.875 l 76.875 42.375 l 78.375 42.375 l 78.375 
40.875 l 76.875 40.875 l 76.875 39.375 l 78.375 39.375 l 78.375 37.875 l
 79.875 37.875 l 79.875 39.375 l 78.375 39.375 l 78.375 40.875 l 79.875 
40.875 l 79.875 42.375 l 81.375 42.375 l 81.375 40.875 l 82.875 40.875 l
 82.875 42.375 l 84.375 42.375 l 84.375 40.875 l 82.875 40.875 l 82.875 
39.375 l 84.375 39.375 l 84.375 37.875 l S Q
  Q
Q
q
0 0 384 319 re W n
  q
0 g
0.75 w
1 J
0 j
[] 0.0 d
4 M q 1 0 0 1 0 0 cm
84.375 37.875 m 85.875 37.875 l 85.875 39.375 l 87.375 39.375 l 87.375 
37.875 l 85.875 37.875 l 85.875 36.375 l 84.375 36.375 l 84.375 37.875 l
 82.875 37.875 l 82.875 36.375 l 84.375 36.375 l 84.375 34.875 l 82.875 
34.875 l 82.875 33.375 l 84.375 33.375 l 84.375 31.875 l 85.875 31.875 l
 85.875 33.375 l 87.375 33.375 l 87.375 31.875 l 85.875 31.875 l 85.875 
30.375 l 84.375 30.375 l 84.375 31.875 l 82.875 31.875 l 82.875 30.375 l
 81.375 30.375 l 81.375 31.875 l 82.875 31.875 l 82.875 33.375 l 81.375 
33.375 l 81.375 34.875 l 79.875 34.875 l 79.875 33.375 l 81.375 33.375 l
 81.375 31.875 l 79.875 31.875 l 79.875 30.375 l 78.375 30.375 l 78.375 
31.875 l 76.875 31.875 l 76.875 30.375 l S Q
  Q
Q
q
0 0 384 319 re W n
  q
0 g
0.75 w
1 J
0 j
[] 0.0 d
4 M q 1 0 0 1 0 0 cm
76.875 30.375 m 78.375 30.375 l 78.375 28.875 l 76.875 28.875 l 76.875 
27.375 l 78.375 27.375 l 78.375 25.875 l 79.875 25.875 l 79.875 27.375 l
 81.375 27.375 l 81.375 25.875 l 79.875 25.875 l 79.875 24.375 l 78.375 
24.375 l 78.375 25.875 l 76.875 25.875 l 76.875 24.375 l 75.375 24.375 l
 75.375 25.875 l 76.875 25.875 l 76.875 27.375 l 75.375 27.375 l 75.375 
28.875 l 73.875 28.875 l 73.875 27.375 l 72.375 27.375 l 72.375 28.875 l
 73.875 28.875 l 73.875 30.375 l 75.375 30.375 l 75.375 28.875 l 76.875 
28.875 l 76.875 30.375 l 75.375 30.375 l 75.375 31.875 l 76.875 31.875 l
 76.875 33.375 l 75.375 33.375 l 75.375 34.875 l 73.875 34.875 l 73.875 
33.375 l 75.375 33.375 l 75.375 31.875 l S Q
  Q
Q
q
0 0 384 319 re W n
  q
0 g
0.75 w
1 J
0 j
[] 0.0 d
4 M q 1 0 0 1 0 0 cm
75.375 31.875 m 73.875 31.875 l 73.875 30.375 l 72.375 30.375 l 72.375 
31.875 l 70.875 31.875 l 70.875 30.375 l 69.375 30.375 l 69.375 31.875 l
 70.875 31.875 l 70.875 33.375 l 69.375 33.375 l 69.375 34.875 l 67.875 
34.875 l 67.875 33.375 l 69.375 33.375 l 69.375 31.875 l 67.875 31.875 l
 67.875 30.375 l 66.375 30.375 l 66.375 31.875 l 64.875 31.875 l 64.875 
30.375 l 66.375 30.375 l 66.375 28.875 l 64.875 28.875 l 64.875 27.375 l
 66.375 27.375 l 66.375 25.875 l 67.875 25.875 l 67.875 27.375 l 66.375 
27.375 l 66.375 28.875 l 67.875 28.875 l 67.875 30.375 l 69.375 30.375 l
 69.375 28.875 l 70.875 28.875 l 70.875 30.375 l 72.375 30.375 l 72.375 
28.875 l 70.875 28.875 l 70.875 27.375 l S Q
  Q
Q
q
0 0 384 319 re W n
  q
0 g
0.75 w
1 J
0 j
[] 0.0 d
4 M q 1 0 0 1 0 0 cm
70.875 27.375 m 72.375 27.375 l 72.375 25.875 l 73.875 25.875 l 73.875 
27.375 l 75.375 27.375 l 75.375 25.875 l 73.875 25.875 l 73.875 24.375 l
 72.375 24.375 l 72.375 25.875 l 70.875 25.875 l 70.875 24.375 l 72.375 
24.375 l 72.375 22.875 l 70.875 22.875 l 70.875 21.375 l 72.375 21.375 l
 72.375 19.875 l 73.875 19.875 l 73.875 21.375 l 75.375 21.375 l 75.375 
19.875 l 73.875 19.875 l 73.875 18.375 l 72.375 18.375 l 72.375 19.875 l
 70.875 19.875 l 70.875 18.375 l 69.375 18.375 l 69.375 19.875 l 70.875 
19.875 l 70.875 21.375 l 69.375 21.375 l 69.375 22.875 l 67.875 22.875 l
 67.875 21.375 l 69.375 21.375 l 69.375 19.875 l 67.875 19.875 l 67.875 
18.375 l 66.375 18.375 l 66.375 19.875 l S Q
  Q
Q
q
0 0 384 319 re W n
  q
0 g
0.75 w
1 J
0 j
[] 0.0 d
4 M q 1 0 0 1 0 0 cm
66.375 19.875 m 64.875 19.875 l 64.875 18.375 l 66.375 18.375 l 66.375 
